MY_ACCOUNT_ID=0.0.4579895
MY_PRIVATE_KEY=3030020100300706052b8104000a04220420220c9d98017b8f9a3e5f8c8439269919e64544e643e9dea97911ea740abde2aa

FIRST_ACCOUNT_ID=0.0.4599270
FIRST_ACCOUNT_KEY=302e020100300506032b65700422042073a0df70e125fc30f2b52f1f8031944d1c4d4c200bddb34bacb3abdc81239378 

SECOND_ACCOUNT_ID=0.0.4599341
SECOND_ACCOUNT_KEY=302e020100300506032b6570042204200e69682deb4f6a166e087bf1172c9ee11fcc50d58d7ec61151008880ab0b9fd1